Reacoes de apoio [N]
[-2140.685144661862, -15379.16058876878, -28762.239862468807, 63662.91142028339, -13859.017152191278, 20478.254873798818]

Deslocamentos [m]
[[ 0.00000000e+00]
 [ 0.00000000e+00]
 [-1.78367730e-06]
 [ 0.00000000e+00]
 [-8.91838648e-07]
 [ 0.00000000e+00]
 [ 0.00000000e+00]
 [ 0.00000000e+00]
 [-6.89990541e-07]
 [ 6.55077751e-06]
 [-7.73598772e-07]
 [-8.57758057e-06]
 [ 3.56257272e-05]
 [ 1.30179472e-05]
 [ 3.45478556e-05]
 [-2.25898031e-05]
 [ 3.23921229e-05]
 [-1.07007818e-04]
 [ 3.02363932e-05]
 [-1.91164300e-04]
 [ 9.64390478e-05]
 [ 1.94851192e-05]
 [ 1.02367292e-04]
 [-2.36676778e-05]
 [ 1.08295544e-04]
 [-1.07007826e-04]
 [ 1.08295544e-04]
 [-1.93320049e-04]]

Deformacoes []
[-8.91838648e-07  4.45919324e-07  4.45919324e-07  1.46519674e-06
  3.27538875e-06 -1.89187551e-06 -4.28879028e-06 -1.95099545e-06
 -4.18041156e-08  3.23358485e-06  1.52431639e-06 -7.00611127e-06
 -5.38935787e-07 -1.07786634e-06 -1.07786489e-06  3.23358601e-06
 -4.95406746e-06 -5.38937372e-07 -2.66758360e-06 -4.04138393e-12
  1.52433051e-06 -1.07787473e-06  2.96412191e-06  2.96412640e-06
 -7.29556254e-15]

Forcas internas [N]
[-1.32384754e+04  6.61923772e+03  6.61923772e+03  2.17494175e+04
  4.86199535e+04 -2.80830479e+04 -6.36629114e+04 -2.89606258e+04
 -6.20541348e+02  4.79994153e+04  2.26269910e+04 -1.03998893e+05
 -7.99997646e+03 -1.59998753e+04 -1.59998536e+04  4.79994324e+04
 -7.35383026e+04 -7.99999998e+03 -3.95976784e+04 -5.99904052e-02
  2.26272007e+04 -1.59999998e+04  4.39995005e+04  4.39995672e+04
 -1.08295515e-04]

Tensoes internas [Pa]
[-1.87286116e+05  9.36430581e+04  9.36430580e+04  3.07691316e+05
  6.87831638e+05 -3.97293857e+05 -9.00645960e+05 -4.09709044e+05
 -8.77886427e+03  6.79052819e+05  3.20106441e+05 -1.47128337e+06
 -1.13176515e+05 -2.26351932e+05 -2.26351626e+05  6.79053061e+05
 -1.04035417e+06 -1.13176848e+05 -5.60192556e+05 -8.48690625e-01
  3.20109407e+05 -2.26353694e+05  6.22465600e+05  6.22466543e+05
 -1.53206813e-03]